6/12/2021
6/12/2020
6/12/2019
6/12/2018
6/12/2017
85
84
84
86
86
83
83
87
87
88
88
82
82
90
81
91
80
92
79
93
78
94
77
95 
83
82
82
84
84
81
81
85
85
80
80
86
86
87
88
89
90
91
92
80
79
78
77
76 
75
74
74
76
76
73
73
77
77
78
79
80
81
82
83
84
85
72
71
70
69
68
67
66 
74
73
73
75
75
72
72
76
76
71
71
77
77
78
79
80
80
82
83
71
70
69
68
67 
65
64
64
66
66
63
63
67
67
68
69
70
71
72
73
74
75
62
61
60
59
58
57
56